time,x,y,z,phi,theta,psi,x_velocity,y_velocity,z_velocity,phi_velocity,theta_velocity,psi_velocity,rotor_speed1,rotor_speed2,rotor_speed3,rotor_speed4
0.06,1.0798754853e-07,6.52028107711e-07,10.0067112295,0.000461230390954,6.2829795533,0.0,1.468372936e-05,5.34137914095e-05,0.223689842316,0.0197962564789,-0.0113644210234,0.0,474.5901782600177,473.71733292762497,474.13949857976064,475.6575986495456
0.12000000000000001,8.5609491047e-06,2.06140766226e-05,10.0250449474,0.00252625837724,6.28199708298,0.0,0.000356926201744,0.000804043062683,0.387391925907,0.0539398336698,-0.0289798295284,0.0,457.5086736516671,456.1042819088847,455.3051399623366,458.02859480664114
0.18,6.46513371802e-05,0.000142541781197,10.0539595141,0.00630645036962,6.28067939527,0.0,0.00168546112767,0.00366907334477,0.576348433739,0.0767769228597,-0.0107081680261,0.0,462.8539160715249,464.28940428577,464.4416595329211,466.231641445214
0.23999999999999996,0.00021452746765,0.000496601644122,10.0895322803,0.0112923849828,6.280263616,0.0,0.00335826063094,0.00857662984875,0.60938947888,0.0934258272855,-0.000278880712293,0.0,415.2675013762596,416.18130436630076,414.49072882744883,415.95714308180953
0.3,0.000483870670911,0.00129672629637,10.1316006322,0.0167501417932,6.28008413745,0.0,0.00563000708469,0.0187259810635,0.79277091528,0.0855189659656,-0.00905897149832,0.0,463.14727098564526,462.4563557174259,463.5679453251995,462.9528615147174
0.36000000000000004,0.000886468514823,0.0027822629176,10.1819505429,0.0220143176468,6.28007675621,0.0,0.00781322815884,0.0313155947478,0.885481795784,0.0918354676178,0.0135064179109,0.0,434.6618304104336,436.54859082930386,434.6783608709788,435.2138545447576
0.4200000000000001,0.00141574111589,0.00513231160791,10.2378492653,0.0279491371985,6.28052807248,0.0,0.00976125899947,0.0475975723974,0.977720122175,0.110238248423,-0.0084735181765,0.0,436.9885836541352,435.15267961831535,433.7595491208281,435.3105466495361
0.48000000000000015,0.0020686259989,0.00870587597747,10.3034503609,0.0345413498889,6.2803843618,0.0,0.012037962359,0.0723164317081,1.20874249754,0.109124455887,0.0076072719967,0.0,477.258516294769,478.4842041093541,477.66004889250485,477.5848591408466
0.5400000000000001,0.00284448084831,0.0137504366262,10.3780273912,0.0415972025374,6.28083576758,0.0,0.0137794515319,0.0964983651536,1.27705875941,0.130663887564,0.00735521148199,0.0,428.25334313077997,428.2317935116267,427.5472027197271,429.390912707636
0.6000000000000002,0.00371774548337,0.0204211417196,10.4574406151,0.0489927387467,6.28102394486,0.0,0.01529556969,0.126629688232,1.36990553969,0.101266795938,-0.00702555663687,0.0,436.88110758304657,435.68048321908617,437.8942988087609,435.455827675569
0.6600000000000003,0.00468509737866,0.0291283572614,10.5440908385,0.0553909427451,6.28054846737,0.0,0.0169980125569,0.164283454008,1.51821186262,0.115645536941,-0.00978631893028,0.0,454.3950593379363,454.1738264708667,453.37596569389586,454.53925303614216
0.7200000000000003,0.00576590610191,0.0402605873251,10.640004995,0.0624496887399,6.2805827478,0.0,0.0190529784312,0.207553975298,1.67865537477,0.121369549368,0.0158225091665,0.0,457.3732707485996,459.4081534088341,458.0060838931473,458.47300904455193
0.7800000000000004,0.00696132715757,0.0540877457675,10.7445803596,0.0693662902362,6.28160622104,0.0,0.0206888166091,0.254095688299,1.80694104126,0.0988959336845,0.0194206160882,0.0,448.51751129617344,448.80953571934896,450.2941918465031,448.4840908567012
0.8400000000000004,0.00822629827036,0.0705690280275,10.8528532463,0.0753909279763,6.28225406488,0.0,0.021387977266,0.295796082877,1.80212009587,0.103277662205,-0.0183173493855,0.0,408.1423526781116,404.76041186856645,405.6754120723814,406.0783871302126
0.9000000000000005,0.00952868177402,0.0896042950042,10.9601265921,0.081308398569,6.28116290198,0.0,0.022116012543,0.339217873776,1.77365702259,0.0871625135528,-0.0179247506162,0.0,397.52727313248994,397.5632643251336,399.28655668703334,397.8232117315275
0.9600000000000005,0.0108960135614,0.111470539132,11.0672583759,0.0864467300968,6.28059987838,0.0,0.0235326057582,0.390120301094,1.79731782965,0.0824050800768,0.00377443092847,0.0,414.7299690643378,416.6314612595522,416.3796951573895,415.9698886739664
1.0200000000000005,0.0123669331002,0.136895849966,11.1805017052,0.091818311475,6.28066697597,0.0,0.0254797739283,0.457949213458,1.97710057451,0.10090751097,-0.00480831124701,0.0,465.903784269369,465.2322867077887,464.87687435521616,466.3304868675232
1.0800000000000005,0.0139495392134,0.166341838017,11.302630512,0.0975396381615,6.28099145529,0.0,0.0272657054326,0.524176474145,2.09357996619,0.0809381368254,0.0205026864568,0.0,447.19778358200364,449.25462793691577,446.5296228047977,444.9052288450765
1.1400000000000006,0.015631501006,0.200108695228,11.4340861598,0.10207576086,6.28253428632,0.0,0.0286354733906,0.601888625717,2.28783201398,0.0619243791292,0.0345018485143,0.0,471.04634705265596,472.12770859708775,471.64983470028153,470.18318216897023
1.2000000000000006,0.0173555296023,0.238459617644,11.5754502388,0.105913570173,0.00111286962618,0.0,0.0286222506634,0.676842285923,2.42396209247,0.0677564197952,0.0164888454414,0.0,455.5533779821291,454.1110261811159,454.12157576004205,454.5920103898178
1.2600000000000007,0.0190437845009,0.281439284787,11.7254228296,0.11025006595,0.00222107359716,0.0,0.0275375764342,0.756227748566,2.57472148362,0.0800483740087,0.0221638654329,0.0,460.2121010945533,460.66099005530265,458.68773219072983,459.66664312448444
1.3200000000000007,0.0206442697366,0.329131883553,11.883109179,0.11524151781,0.0032314783259,0.0,0.0256882820221,0.833989802024,2.68116173557,0.0888294904403,0.00319446077452,0.0,448.23572366629884,446.69142957069727,446.1131160220826,446.8351163322363
1.3800000000000008,0.0221119987483,0.381770930871,12.0486817669,0.120045347478,0.00339296383737,0.0,0.0232177624744,0.921158363435,2.837446633,0.0499521970853,0.00166580782145,0.0,463.6131933851537,463.493015619884,464.06651156783914,461.00920280080794
1.4400000000000008,0.0234354074442,0.43948230466,12.2215363051,0.122724676303,0.00346105398439,0.0,0.0208882608366,1.00279582037,2.92408722807,0.0311059280413,5.1074956437e-05,0.0,442.38475430766516,442.2517485731367,443.30260734039473,441.7523681055666
1.5000000000000009,0.0246109312028,0.502357337687,12.4013450812,0.125030216571,0.00411833891873,0.0,0.0182547047952,1.0931995943,3.06909375836,0.0500663347711,0.026799883651,0.0,460.533013651612,462.6438702816487,459.99364688941137,461.4933168094693
1.560000000000001,0.0256045715771,0.570801949477,12.5905931908,0.127942279653,0.00599326252355,0.0,0.0146705151392,1.1885365355,3.23862249133,0.0452807027653,0.0389206888244,0.0,468.5847510160839,469.5263412595967,470.162143901846,469.79252037401426
1.620000000000001,0.0263526886565,0.644711060356,12.7875479033,0.130996409842,0.00881935051814,0.0,0.0100043735071,1.27533265451,3.32620231747,0.0602693821413,0.0598190934967,0.0,445.37393630319366,447.08124869864724,444.10586668290756,445.33523369590165
1.680000000000001,0.0267544979648,0.723947608695,12.9901913041,0.134928284895,0.012530579726,0.0,0.00301577104486,1.36620467394,3.42817238419,0.0743890445883,0.0656392189481,0.0,450.40171075581253,450.87487305133027,450.23727155442714,451.3812863091688
1.740000000000001,0.0266503437314,0.808796480183,13.1995273063,0.139486756946,0.0164067160221,0.0,-0.00689630936469,1.46248300454,3.54919619724,0.0789689413822,0.0624443411891,0.0,457.21174674664223,456.960059523037,457.7488386981729,458.1175242889376
1.8000000000000012,0.0259346495193,0.898976536074,13.412298057,0.143906677925,0.0201859637605,0.0,-0.0172875802245,1.5438865158,3.54307259264,0.0600974069418,0.0640516690414,0.0,417.2584652884754,417.4019285829695,418.7161172283624,417.0755104658695
1.8600000000000012,0.0244525870966,0.994633129697,13.6282879072,0.147903894089,0.0239249947067,0.0,-0.0325036974185,1.64497228006,3.65610099264,0.0772178122171,0.058602429854,0.0,455.7042145371286,455.27108782433845,456.4160651274751,457.78357923570354
1.9200000000000013,0.0219348506877,1.09670282005,13.8528235766,0.15229760161,0.0276110025511,0.0,-0.0518148973053,1.75773143047,3.82768882925,0.0637412096514,0.0665648210898,0.0,474.50089391819944,475.1142151490466,475.8914723530007,474.8624775907622
1.9800000000000013,0.0182212634439,1.20536220974,14.0859084187,0.15663644372,0.0314078439842,0.0,-0.072368376882,1.8645686333,3.94126021886,0.0855047764403,0.0557391697385,0.0,459.569715338247,458.7135240603408,458.0382134578944,459.7696090752234
2.0400000000000014,0.0130693280139,1.32114155358,14.3296999705,0.161578748933,0.0345660881655,0.0,-0.0997366329928,1.99517065819,4.18403220547,0.07523032459,0.0455755125827,0.0,498.96261820801215,498.2214835577148,498.5329544760225,497.78628830027725
2.1000000000000014,0.00639773733487,1.44395086874,14.5824272849,0.165740275474,0.0371962981052,0.0,-0.12289828032,2.09880147375,4.2398388695,0.0537935596563,0.0401117836715,0.0,444.01922782948003,443.57179692890105,445.7839636652052,444.0321669942824
2.1600000000000015,-0.00183058568678,1.57355913352,14.8415480627,0.168463682364,0.0394614945386,0.0,-0.15161345387,2.2216482143,4.3967476311,0.017784197093,0.0325625174667,0.0,477.48232631049837,476.90656523416874,476.7458739011909,473.9871716468096
2.2200000000000015,-0.0116583141621,1.70985089521,15.1057931469,0.169483974969,0.0413931522995,0.0,-0.176147724213,2.32142611047,4.4112719961,0.0153989172335,0.031447640261,0.0,432.5585243944706,432.46502934876696,434.3608715753956,434.1606896844999
2.2800000000000016,-0.0231228194892,1.85266003708,15.3739663323,0.170340066613,0.0430438097548,0.0,-0.206167022197,2.43881646795,4.5272561183,0.0119050940799,0.0181696627985,0.0,465.7095046908659,464.6697992773565,466.4940285776442,466.22097818432746
2.3400000000000016,-0.0363629816137,2.0022919724,15.6477808025,0.171515283203,0.0440262882484,0.0,-0.235257563184,2.54888192757,4.59949038589,0.0316882719979,0.0125186745379,0.0,452.8471461179482,452.39220375168577,453.46660521855677,455.0531706560185
2.4000000000000017,-0.0514084030776,2.15870250418,15.9268472515,0.173263918521,0.0446705890238,0.0,-0.266305024072,2.66483457279,4.70215788543,0.0234969559849,0.00691611121528,0.0,463.2728632885875,462.83194468151584,464.75788346560876,464.1155464133348
2.4600000000000017,-0.0683808552954,2.32228939093,16.2131956622,0.17470674566,0.0455620314812,0.0,-0.299486031889,2.78802266236,4.84204687688,0.025125225735,0.0272828726004,0.0,475.30255691392927,476.8609944014239,476.1811321015582,476.30571920686754
2.520000000000002,-0.0872172500501,2.49271256751,16.5046902409,0.175809721266,0.0471528638474,0.0,-0.328533327417,2.892761535,4.87417806746,-0.000627406918448,0.024929961591,0.0,443.77589984218633,443.58284242121346,446.12314073938836,444.01504449736416
2.580000000000002,-0.10811635556,2.6704894128,16.8041300353,0.175512064684,0.0482421753899,0.0,-0.368213253585,3.03282513373,5.10597490115,-0.0154625584462,-0.000994092208526,0.0,506.01809099686506,504.14813054168513,505.0548600282312,503.9836998931017
2.640000000000002,-0.130989048749,2.85509403918,17.1087421534,0.174116649222,0.049071309779,0.0,-0.394259574514,3.12052744893,5.04799421895,-0.0472776475434,0.0335187083906,0.0,415.7660030809346,418.77946429929455,419.4700993131967,416.69729493189374
2.700000000000002,-0.155601537993,3.04546636085,17.4130305784,0.171004438903,0.0512052502624,0.0,-0.426341278784,3.22478919462,5.09472345733,-0.0631509515681,0.0393731273931,0.0,451.51898737425506,451.99166081363865,451.80801928739726,450.5244307060452
2.760000000000002,-0.182221810609,3.24214257524,17.7208998674,0.166834707103,0.0537429033778,0.0,-0.461224664741,3.33052298374,5.16725570516,-0.086860870436,0.0475743740488,0.0,459.7744036083535,460.4247140606809,460.7953729260016,458.91317708015924
2.820000000000002,-0.211078969202,3.44532785079,18.0347832176,0.161573949891,0.0568682518118,0.0,-0.500967372242,3.44153522078,5.29495131474,-0.0893673322656,0.0598582663863,0.0,477.27647110884214,478.214758068811,477.08580442697195,476.88855634136297
2.880000000000002,-0.242183349198,3.6544584227,18.352776346,0.156877105112,0.0604843011314,0.0,-0.53616512307,3.52891304633,5.30481653298,-0.0622477501029,0.0610732724214,0.0,441.83952146548637,441.9422913565559,441.16893698149175,443.3976737209679
2.940000000000002,-0.27543067491,3.86864013804,18.6708099629,0.153553096256,0.0639572668974,0.0,-0.572391398015,3.61006643039,5.29635558043,-0.0443725119748,0.0505886095281,0.0,437.1537614874273,436.2814159048352,434.9389178325779,436.4314802175987
3.000000000000002,-0.311272566376,4.08846746249,18.9938760144,0.150713616163,0.06699167534,0.0,-0.622624802042,3.71694701157,5.47160909526,-0.0539991864666,0.0505431967976,0.0,491.6894421112206,491.6874272548679,493.4398125136684,492.7273947448012
3.0600000000000023,-0.350061129164,4.3143129506,19.3254496027,0.147628502253,0.069942229277,0.0,-0.670599524142,3.81070561729,5.58027771594,-0.0467027281986,0.0462916322907,0.0,474.07153733784287,473.7460147997452,474.9602565891475,475.51810488718627
3.1200000000000023,-0.391244435737,4.54456506057,19.6559041803,0.144716716654,0.0724542749868,0.0,-0.702409180441,3.86417588944,5.43563738915,-0.0524585779884,0.0310981802444,0.0,393.5730976743516,392.1651562477704,392.9219240985107,392.3860130102423
3.1800000000000024,-0.434778957249,4.77876978069,19.9832417286,0.141437954677,0.0752321066671,0.0,-0.748955071512,3.94220267289,5.47541923096,-0.0594233560711,0.0663391317867,0.0,451.2725655419508,454.10993571340396,453.6776444480143,453.11602516619024
3.2400000000000024,-0.481097981255,5.0174454293,20.312091407,0.137291731979,0.0790346087065,0.0,-0.795358061447,4.01319966992,5.48619287835,-0.108590194026,0.0566708983088,0.0,444.4555351997122,443.66517447817023,446.4993178578594,442.4643758121627
3.3000000000000025,-0.53046300528,5.26059998049,20.6440037023,0.130533967148,0.0819474716776,0.0,-0.850440250231,4.09108514913,5.57717668891,-0.122255800726,0.022680226144,0.0,470.35136496870143,467.71218618776885,469.937921969804,468.86658454046557
3.3600000000000025,-0.582836449493,5.50771206209,20.9771801826,0.123903482374,0.0837920068529,0.0,-0.895504993635,4.14533259353,5.52908171119,-0.0937849039265,0.0433155001784,0.0,424.65616275364977,426.4233188818595,424.9504935380707,427.3726768850677
3.4200000000000026,-0.638480664467,5.75872154691,21.3137362685,0.118456186708,0.0859569786488,0.0,-0.959510957238,4.22081059432,5.68869107939,-0.0853866980603,0.0148861399408,0.0,490.652129086898,488.5369654376868,489.13431273276376,489.75334252419407
3.4800000000000026,-0.697495861385,6.01341778348,21.6539795103,0.113604572265,0.087402776082,0.0,-1.00778987591,4.26856562605,5.6530187169,-0.0730755466151,0.0380460686552,0.0,429.9219482766394,431.8803474438595,430.3929896625191,431.4283673491251
3.5400000000000027,-0.759382768633,6.27080825929,21.9914765739,0.109230458178,0.0894477583549,0.0,-1.05531606126,4.31069757789,5.59723260912,-0.0725570442262,0.0246672090007,0.0,424.0522765706063,422.90170520081074,423.85411419414015,423.8942824930681
3.6000000000000028,-0.824660104861,6.53124427951,22.3312300993,0.104912880988,0.0910317827197,0.0,-1.12070748657,4.36986154742,5.72724763592,-0.0707913879068,0.0296587266686,0.0,480.9165501974519,481.29463844095267,481.1328167585292,481.26294303154566
3.660000000000003,-0.893770131183,6.79496999556,22.6773963024,0.100587523859,0.0931239067878,0.0,-1.18312511382,4.42041901034,5.81121992878,-0.074818785408,0.0436544740965,0.0,467.55267325802544,468.6424618833379,469.44571101211676,469.1293221192383
3.720000000000003,-0.966042178027,7.06095087583,23.0219238487,0.0959934905721,0.0960231681856,0.0,-1.22621301771,4.44528139743,5.67382918185,-0.080313515506,0.0563154333022,0.0,395.6744232953456,396.8403359629618,398.250183757629,397.7417407134317
3.780000000000003,-1.0416202191,7.32900360502,23.3651649604,0.0915103216127,0.0988576618829,0.0,-1.29334818344,4.48919483376,5.76707878422,-0.0653924352741,0.0146003469445,0.0,471.4067640348724,468.1726106194053,471.05014730110946,472.19871272581736
3.840000000000003,-1.12119959442,7.59951256249,23.7132288252,0.0879673399537,0.0994504384211,0.0,-1.35935248434,4.5272906423,5.8347272733,-0.0486929890758,-0.00180478638318,0.0,464.57494699803067,463.28648266196075,463.1702776793985,464.4796694699253
3.900000000000003,-1.20477757685,7.87224725199,24.065623128,0.0846530388587,0.098916209173,0.0,-1.42653309177,4.56344995296,5.91136952718,-0.0734158255049,-0.0294884243164,0.0,467.81644202410996,465.65547370537297,468.78277863364303,466.85524447564194
3.960000000000003,-1.29228371808,8.14698707657,24.421716993,0.0802350214844,0.096831107673,0.0,-1.49016356007,4.59402451537,5.95826926055,-0.0740725673108,-0.0481900660759,0.0,459.15898199387505,457.6720334229653,459.3971757458058,459.3410606468309
4.020000000000002,-1.38320093109,8.42315703233,24.7768321777,0.0759144458006,0.0942346968098,0.0,-1.54028122843,4.61126747359,5.87945278352,-0.0681756010452,-0.0349122264146,0.0,418.12316965924634,419.27741567176184,418.38395646318287,418.8928337469963
4.080000000000001,-1.47759768206,8.7006831369,25.1325707707,0.0721301954879,0.0920310320354,0.0,-1.60604059111,4.63909295823,5.9780546814,-0.054438224587,-0.0406303938785,0.0,474.5182075346515,474.0784227519526,472.6994989188074,473.75446403127785
4.14,-1.57572006903,8.97964973606,25.4922830234,0.0690384693153,0.0901274796775,0.0,-1.66452550561,4.65942765398,6.01224250484,-0.0462680997372,-0.0181363314034,0.0,453.42379314572025,455.22727886353795,455.50493673172724,456.156329046633
4.199999999999998,-1.67740588431,9.25982873925,25.8549385195,0.0662106953485,0.0888092795992,0.0,-1.72488579537,4.67952304723,6.07597382099,-0.0489100998203,-0.0310196294273,0.0,464.7612156842428,463.7501212433041,464.67857191673215,464.4701432436896
4.259999999999997,-1.78252481604,9.54102337663,26.219556142,0.0629361914014,0.0869339621437,0.0,-1.7789504461,4.69330919438,6.07801203643,-0.0693971943644,-0.0317307411314,0.0,445.3214255387619,445.2629033149983,447.2741300139663,445.5999835865046
4.319999999999996,-1.89105330183,9.82310927911,26.5865153626,0.0591115024993,0.0848377484841,0.0,-1.83847292219,4.7090786081,6.15363925599,-0.0543353240751,-0.0422740289301,0.0,468.32729433112047,467.50585640056966,468.3668668907331,469.5342698425545
4.379999999999995,-2.00315240046,10.106080811,26.9584379607,0.0555846477999,0.0828788250511,0.0,-1.89794051493,4.72288834256,6.24336196861,-0.0696126868157,-0.018222172359,0.0,473.2200403784226,475.0678110758681,473.07960995806366,471.89927100447073
4.439999999999993,-2.11833385739,10.3894920668,27.3302344666,0.0515045708183,0.0812894836009,0.0,-1.94143543223,4.72382677568,6.15048780102,-0.0649604345827,-0.0532337143217,0.0,417.144007169985,414.07406384121634,416.68115149042166,417.08395091925934
4.499999999999992,-2.23660657353,10.6732053163,27.7026816526,0.0479342195852,0.0780227360136,0.0,-2.00064989486,4.73281965409,6.26389511284,-0.0503739647049,-0.0569863391981,0.0,479.5380772665743,479.25113255272566,479.7845949986418,480.8887340070933
4.559999999999991,-2.35836318348,10.9573716574,28.0818154348,0.0451800684877,0.0757252011201,0.0,-2.05762058927,4.73903299694,6.37335886412,-0.038197675968,-0.0153550031662,0.0,478.19330216059717,481.3538343654686,479.2764589322254,480.20010622693735
4.6199999999999894,-2.48324074076,11.2416927397,28.4640275636,0.042649703782,0.0746302075354,0.0,-2.10491965144,4.73810638124,6.3671379095,-0.0516221402805,-0.0247793980648,0.0,444.9787785184009,444.2064669687961,447.23322946293825,446.13720202640917
4.679999999999988,-2.61075699986,11.5258013148,28.8433773778,0.0401312965623,0.073207272854,0.0,-2.1455958055,4.73197141482,6.27844443948,-0.0275212760048,-0.0216688167144,0.0,418.4813781778129,418.75202623591775,417.33437979984757,419.4320751503748
4.739999999999987,-2.74108432078,11.8097121623,29.222652277,0.0383347334433,0.0717735435753,0.0,-2.19851695074,4.73152067111,6.36360452983,-0.0352873256687,-0.0287683117557,0.0,472.88518153566844,472.3378272413159,472.3419250701347,471.7422632450095
4.799999999999986,-2.87421219896,12.0933685035,29.6021229304,0.0363228226694,0.0700794734146,0.0,-2.23902626848,4.72353854554,6.28592861936,-0.0302343562164,-0.0271878671396,0.0,422.563472299666,422.69947074827815,420.9810436801066,421.4176404233533
4.859999999999984,-3.00969142636,12.3764817989,29.9760519271,0.0348388089494,0.0682839464653,0.0,-2.27691311516,4.71347082093,6.17903268196,-0.0155341077984,-0.0360547404287,0.0,411.5019443106283,410.71569003770026,410.04221529042866,411.3462380550001
4.919999999999983,-3.14757184673,12.6590461243,30.3457255811,0.03421249618,0.0658186899298,0.0,-2.31897323979,4.70528944567,6.14366091145,-0.00181573890698,-0.0537633182022,0.0,434.15690668765507,432.66717284756623,432.66676905911964,433.82058952674026
4.979999999999982,-3.28806248548,12.9411764703,30.7151360828,0.0341072312035,0.0625547956106,0.0,-2.36379400489,4.6990536206,6.1699154418,-0.0016320422852,-0.0556987951025,0.0,451.5147638122073,451.3566322720502,453.39375712017505,453.40855667425535
5.0399999999999805,-3.43122207933,13.2229499761,31.0866131415,0.034123297526,0.0590042619615,0.0,-2.40790908307,4.69339862848,6.21245714133,0.00382001705394,-0.067234740174,0.0,457.7405067665343,456.8189569051384,457.85196353388744,458.28561820961676
